4.005969619790792
3.518226389079282
2.917438371267528
2.997119158911436
2.487898577012497
2.480129303477812
1.5925228551398947
2.1860533063157668
2.525187029607619
2.50907321171359
2.197383104600599
2.087918597025998
1.90050067192739
2.014898935661792
2.7878386768664156
2.5371040763153716
2.9043850079769116
1.2273887930230039
1.9214540388080374
1.1089162038227398
1.2736983109164206
2.1160453317544654
1.7888148047253694
2.6085373020045726
1.631506512480436
1.789834826241202
1.347585933172058
0.6531601059888894
2.053631031076744
1.0166214831811833
1.2796278965534575
1.029552470706848
2.369230115911162
0.9981091088386244
1.3072107068439869
1.3164556123550206
1.2039848608521508
1.2683073109553071
1.4196239583765113
1.1799484957186073
1.1301734143605666
0.806973251466698
2.293556067236704
1.3678522399619777
1.744930750058489
1.133318099530842
1.2014609345949527
0.9058698565221477
1.3028785636405302
1.974527825678219
0.9737451006390304
0.7015136362925191
0.8949841764069245
0.594078639056542
0.974594257120345
0.6440774429917246
1.6238596228995403
1.353219333417391
2.4475652771958747
1.8206685296762954
1.3269873439851068
1.2963322540531097
1.635382939140524
2.1929171624988903
1.3108462406864028
0.9866564209834369
1.4362877166047816
1.30797025054059
0.7924710655105374
0.7676678924446367
0.9256842266594526
0.8166769620008634
1.1030406812964801
0.4377805326100327
1.684575563693064
0.7888019699922847
1.2547140789621898
0.8925363095793464
1.1206897074618993
2.327882623685181
1.1925945145269836
0.9514219642926541
1.6605252162931785
1.876019384036918
1.2945550025799095
1.4639587177799671
0.9435001198450496
1.2394576414600857
1.6772396005001584
0.9376005097166967
1.276015213605539
1.5363313912016605
2.398658671101691
1.3416027353056537
1.2226532895266968
1.18685063232798
1.0823332877702976
1.3146840161614042
1.0008797964768055
1.2955127851470576
0.8127489265772474
0.778248822868293
1.6035261757657926
1.5391881849204512
1.0121965748548074
1.542617740533711
1.320267998782076
1.3717848615478456
0.8978465554395689
1.0045077055944134
0.8558634813874557
1.2439377380804422
0.8821474596891006
0.7357910429534857
0.724530840948339
0.9514679790234305
0.8458593663526611
0.9567835428797132
0.5669396680220967
1.2808955134952074
0.7417706951329969
0.7961901825367413
1.0605166863489186
0.9229659086004076
1.4101579540929858
0.3227284374701901
0.9214962124466585
0.4889589081786843
0.33156588761206673
0.6130827206305439
1.4330376242197491
0.6438642415574433
1.298835289172221
1.6001292052555187
0.6516538472305677
1.255907743272141
1.0184453901839237
0.636299982243043
1.4415888239150108
1.1072782396200815
0.6096453918528073
0.652358946983639
0.9041534720457779
1.7785669842841358
0.49150619834154086
1.17693044407951
1.393795513427463
1.2919231996773046
0.864888072535919
0.7016822804152194
0.7213824645117948
1.3336362902789105
1.3703836487414442
0.933495117344746
1.1448321944996203
1.0683028378853634
1.120949800414821
0.6079486540730225
1.0573984311483478
0.8697281221486378
0.7489774513616744
0.8771216538040789
0.8928325333250952
0.7999515554463676
0.748013146860854
1.4197934602833375
0.10703854457179426
1.4394378419180425
0.48577089942274493
0.4373084450673857
0.8942120086277612
0.07440979281533312
0.5549063709049078
1.6177190838572701
1.2394748583485586
0.6422760445491305
0.7294574028532311
0.4853784099564052
1.0011841842179476
1.1560800725758238
0.7189625924708533
0.4011287835169689
0.4533255243845142
0.9793097126260005
1.420529594374897
0.8804513045593649
0.18665681309404714
0.6550940584637113
0.4834998660171997
0.33648589740801566
0.31447426209936336
0.5686492986348111
1.2448896308632285
0.4468198819515857
0.8705699606905901
0.5398271159960881
1.3753782813383855
0.7460812030039602
0.9398466276732248
0.39649700270346633
0.2298543859912752
0.8779789636988005
0.9840323262546048
0.7885305588249215
0.4935426547132404
1.1000389062938432
0.8458053738747755
0.5021729159438522
1.2056493201276746
1.1080856167217528
0.09136731365389564
0.871857287904319
1.0029683277303838
0.9245726652296539
0.6658102747836334
0.7167420605020766
0.14486015961912801
0.23350108716855825
0.846688423082599
0.5843869350444916
0.7707788596763032
0.5284749206343855
0.9426611260681873
0.5070327673030439
0.5729719171051862
0.5346328810280402
0.5856742715611557
0.9066052496375171
0.6566002125091789
0.3714073097431044
0.7813534719251516
0.5680655855578234
0.29148767326397396
0.46798445890224616
0.6269429396765159
0.49178869548787535
0.8453260210422354
0.9072327192009119
0.6000702453842303
0.7657826266598221
0.7606594726308569
1.3174980022232763
1.0603572216920258
0.7165464461095828
1.304576923491898
0.6953762966019873
0.6028475230840934
0.38285107618061265
1.7059205564335835
0.8210179978166904
0.6824373925869622
0.28652650096664933
0.7379474365237585
0.4076040486492647
0.4594643713557029
0.6215449272474479
1.0013983721670499
0.16949067761373435
0.8641677498726115
0.7231373772244631
0.7275535530440193
0.24905382365908177
1.232895379396215
0.7861665990177078
0.9963271286152933
0.6971289709536834
0.9902208233853458
0.38986041268184846
0.8141590257638792
0.4282602071008819
0.4212782339223233
0.8890151647482974
0.5547395972749686
0.5970540600623964
0.9486756889482907
1.4423888923197004
0.47168488638594563
0.48255414063924845
0.1362064282542847
0.6593835560577486
0.9887375454871498
1.1488618885172963
0.38971905627538567
0.8052264714481695
0.6617102937819097
0.6475033054391479
1.23726777803825
0.8797522110157528
0.3281866924839272
0.6127464535590411
1.0254668661281738
0.33916017604997933
0.9425166185125793
0.7351040649729923
0.7402093437492105
0.7035174573566498
0.6203043413035565
0.6475363242483578
0.8453758156152517
1.0261789778683128
0.8951040554785746
0.7426059463997483
0.49443702193939054
0.5295261752041364
0.25589696177666515
1.4748191424490835
0.3979359712402979
1.6189490623567147
0.5501358283085253
0.3190190446476263
0.5586722098077935
0.7220572386265823
0.3184006677648585
0.613648764172532
0.4522438681434547
0.3413629664390332
1.0408089105574505
0.3739154024906283
0.8149242617689026
0.5008023515601833
0.7945343925703917
0.39719948390512666
0.9704581097847746
0.5832250440154925
0.3135462654243149
0.47269963741489174
0.4239207984778116
1.0005059143752915
0.6703318549334284
0.6095331153909536
0.26235922383464005
1.0129369492739744
0.5260704862331717
1.0821284438006231
0.330289304024089
0.4064658912422451
0.29387560721890277
0.71563440306207
0.770364596545517
0.7382616889570851
0.26408247776752836
0.5010578296904351
0.9134186540088662
0.3421958757719669
0.8445599776936816
1.149832837445431
0.9386799094903375
0.3268920969822248
0.7824803403921514
0.3270391722808704
0.3531671560429456
0.2722797718664843
0.7302582029818476
0.6887023112168114
0.39871500742774285
0.6526340764928797
0.9074704455001326
0.695059050413041
0.3652016959322616
0.6174476324303358
0.5375369830838825
0.7666367617525038
1.596141361029714
0.8408449035681117
1.0580137744753382
0.7709129630675657
0.3437994326438679
0.35457145623434305
0.7202093953615925
0.3585295338125293
0.4010011762994968
0.17717324927957728
1.201973730973465
0.508468558943763
0.5978998084708032
0.9203755078837494
0.699219999745512
0.7786199661211265
0.28744498260465245
0.4047735748474121
0.6176341675150806
0.761367982305592
0.5047537059520644
0.47345765124199013
0.8475861567261597
0.4629701075589771
0.7014540554045617
1.0071049529505942
0.5006750675388869
0.5175689570996292
0.5573528531725755
0.33815470419612803
0.609547216793278
0.27807388211475004
0.598299739352685
0.8291045136157701
0.49780536873335773
0.3139584178105817
0.2503633012374935
0.7454659307903392
0.2674148804628495
0.5749055495647072
0.7930905945074974
0.4642732867131047
0.4235442520592622
0.5993099897358476
0.7202010769064648
0.3335714215632422
0.013588954603447763
0.8566648614274037
0.4864781211301256
0.6383024266643443
0.7833218707453006
0.19063972299899803
0.2776566088085109
0.01739438448083566
0.9679059153178148
0.5399196469851605
0.5944697411987026
0.2788652672035199
0.585630765634079
0.5699435741038236
0.3793361802887706
0.3347490125993074
0.7891145804698708
0.49473328365538527
0.2943468825337647
1.4251260512646937
0.7924335665025566
0.30424126651842753
0.17971071041102255
0.19894976538828546
0.2727728981423718
0.18060565117356966
0.832606497828432
0.28295155128816973
0.4947990207598363
0.779660688797231
0.43893307196554276
0.5501297571717966
0.5286840133563435
0.29478983215715376
0.39699354629008615
0.7839212718451544
0.787543333947158
1.0900092070869702
0.23697036200167174
0.06946374237366647
0.5534595360741911
0.2033931671644036
0.6175348781730347
0.1460828128883729
0.47099204916622683
0.18857744056073514
0.3624212636925779
0.3522575865712961
0.3916686431609019
0.5812004341770975
0.8691288203540987
0.24328309819235844
0.6922515985739895
0.5821294045913887
0.4979004404689531
0.4932859878355591
0.24331864997780261
0.49674349250505895
0.2598355159413731
0.4991713846332082
0.4388666378115039
0.6153341201333274
0.33371314409393454
0.29610947037446345
0.28706225137638935
0.3984888289562825
0.36026867823789765
0.3509423434030154
0.00036743073012797893
0.33841936646803306
0.6131621566079669
0.11533232367883317
0.4837568902392675
1.0837677381947155
0.8700883239823839
0.19365077808481435
0.5359373438414848
0.057060982291565164
0.26310181878968725
0.20698129825552464
0.4292189108856347
0.23085125979557267
0.4920957863679111
0.6664601194398395
0.5701083501058027
0.5456007126315691
0.5343198718162011
0.2677807774395488
1.074964650078097
0.5775014371001754
0.5018046996563079
0.8538954929566819
0.6576220720169053
0.6717425444677221
0.11868529849340811
0.16697813971669676
0.4279253732857721
0.69642178666989
0.9604078512445867
0.39050349854602234
0.3510291763262741
0.16138466874069995
0.8086398258614785
0.336491037740799
1.1931543032923047
0.5004919258805446
0.5136456726483771
0.4687122478415941
1.054054771592529
0.5442150095024395
0.5833426985086073
0.16017722726289507
0.38544699202517896
1.0384445707864665
0.034205337682330486
0.3265280018786939
0.5512647444439343
0.29689454265138027
0.16639568734653684
0.38889377307626627
0.9159983545910817
0.3696786228842969
1.0108437727198818
0.5678588856408964
0.7780371735729056
0.5429393457167524
0.2712673167576856
0.26811092339806514
0.04576785487508787
0.38715914434434573
0.23326401505200947
0.4188695964736594
0.2343686412023934
0.4038139984773298
0.3760729832116671
0.4760218383780708
0.7352267802083502
0.16486542092735765
0.966910678289664
0.9187308930105376
0.5259084247029259
0.57373807525922
0.2988708870949784
0.11403578230421269
0.5102691879415471
0.5795771130346814
0.41361633366279194
0.18478285385227983
0.27409531236816553
0.1315032794922966
0.2457997223689664
0.4102709394914817
1.199089705535771
0.6481733191538428
0.13378156149909085
0.38393146005693835
0.3208855633619472
0.3112887354218619
0.12197467987828271
0.03143909928548189
0.43754095747717175
0.25884375586608827
0.0012139162606498459
0.25884105968331156
0.7454176916743872
0.547889278959239
0.16696110605568265
0.2198089963865087
0.559981893625835
0.5026921341213223
0.4228395329024489
0.922886064084696
0.4224156866985169
0.2827156102537686
0.1958021759050067
0.484648413833768
0.35903452223675686
0.5037092194869875
0.11976949453322923
0.5983752192492918
0.37710329421205946
0.47545103984241527
0.412669803265141
0.34138960794942
0.40109350017697454
0.1166736427386334
0.4561495889577912
0.9443424784366783
0.28847409817146064
0.12526857679232675
0.18440719572116746
0.516317092169226
0.5605015585771981
0.44833586032578987
0.1751920487907221
0.2765941324475808
0.5802017014538573
0.5308403253131969
0.170159386597444
0.15009615456332404
0.06704368488183164
0.36417588928805616
0.478466301838772
0.1372311491513154
0.18982502154532344
0.2866503957664635
0.425742026240211
0.2789240671962538
0.6071847928581244
0.2881282269477765
0.4570994205644687
0.40518807844917526
0.4985169480785639
0.46060160156963337
0.14220598193890235
0.37975979070434923
0.29961824763870953
0.3708052621641367
0.49164960233470556
0.5994390916525046
0.33143259711557904
0.0183118262168459
0.2533368297278973
0.6009954757342637
0.4111537332253464
0.22102085701105192
0.22337362518241435
0.21675242245725526
0.42858750139303203
0.6058095272650872
0.3461461831775944
0.3192218123081817
0.37727646643984464
0.36095937972322173
0.4040393783591709
0.37115298741033637
0.7248841291854305
0.15602862977033954
0.35244477772460786
0.18207303894371876
0.6460857757579395
0.10084669979582644
0.36429290032700395
0.3564606528172046
0.5279789335552079
0.8253761573943262
0.8438901694305236
0.7702005809837766
0.2784773351622408
0.29659779040077283
0.45551240733354187
0.22185124035769166
0.37662635750651946
0.7362969647066254
0.28956797498470305
0.4064885574508701
0.6369031088594282
0.1526856120174925
0.25023599672323243
0.23310203278727296
0.697738939927956
0.20126042101686054
0.46384371933097673
0.67281042896191
0.15624268019197537
0.5900599033734149
0.4093377728792239
0.21338273695712257
0.3343684997533263
0.5792999780550486
0.28493421528863466
0.25079443112152333
0.4249822169083005
0.3308860681708245
0.2541938512538778
0.6896358037688516
0.33935509939056313
0.4274991847557505
0.48859303448668745
0.4651760637646953
0.2909982294414578
0.12968595069275793
0.5388463719309413
0.46926347002852536
0.44188143125275553
0.41139668527939177
0.3922600748903575
0.2801479732331915
0.4548844112655818
0.4331844534053133
0.6619967134693314
0.3229048259987032
0.5194327041665872
0.16325099874177554
0.5758845370782114
0.49756440679544195
0.13543408618924585
0.5390968933395907
0.5711074043007525
0.1228022733989442
0.0521862432766967
0.3970029118039962
0.45005223226995583
0.4376963646017727
0.34110975924683024
0.7949865325879474
0.5349194536365883
0.5553178523590183
0.6134549226787428
0.17463738618842192
0.7412610318312014
0.06729566808102752
0.44635845755394643
0.828843836359219
0.06814791222473898
0.3490030183413684
0.2001873226496736
0.5812625750307834
0.15318301764342843
0.3625128111143107
0.1521565245341802
0.14832915832355703
0.286946179430869
0.49399175912027643
0.5719771691929246
0.7792588254565229
0.2264907405657361
0.1999035649393756
0.185629681264488
0.3883639090494706
0.23472606447367297
0.12041519939234899
0.5151707528563806
0.1917704136108255
0.0009428214472821056
0.11004847409735607
0.6374607093374881
0.14579540196677845
0.863467390976941
0.30146027879429127
0.09286225759116924
0.283316770596979
0.5982283068512125
0.4392955158506182
0.15920325277309014
0.3930612767091993
0.19207343831396514
0.4178377623641969
0.5045970842836036
0.9088907842417253
0.42002601118704336
0.34637101534217163
0.4984944687616908
0.08679630336230446
0.05033343314546056
0.40645181413852477
0.10414810339118838
0.26858809877404516
0.2206727629584508
0.006310357123543166
0.5338801597660309
0.4094448032916928
0.32568739433523064
0.035094447030936546
0.27077438447054114
1.09652879666507
0.2962083503282816
0.5477944334873179
0.28402080745952996
0.7111782714086722
0.3503884558246408
0.32699407721578133
0.2414755679516313
0.0
0.06862491589998887
0.7765613014052685
0.2221236871539966
0.18526246125325171
0.2635447936508864
0.2845362908307403
0.24051114314204217
0.22423363508066088
0.4805698245777496
0.41312250402325196
0.4677898344857801
1.182915993428559
0.40807759564071133
0.1930668904604414
0.1832544587736243
0.09337443040508608
0.7092016421407358
0.07933342331441745
0.5786631691112643
0.29365748523149054
0.2642986499754123
0.43958132566262836
0.9196340968909975
0.0757345115173296
0.4217761640635145
0.36855448121410317
0.27553793285456585
0.2891533047894356
0.28815841173916595
0.3514294004499249
0.21207731491817897
0.5524533531616515
0.6826802348797425
0.4777541097020599
0.7915568082784095
0.5465427449484364
0.048023549602798477
0.11420659267200448
0.19690128472938517
0.5407148921137855
0.31958275103351186
0.18527569950858974
0.03056592530733366
0.33331456487341377
0.23518765946711734
0.4905829927922324
0.31552510814829404
0.5209275117458034
0.23921804370964822
0.4730267205945767
1.0288241818362203
0.209113774744253
0.14151329028079426
0.12307543464234448
0.6952996077131185
0.010572556890809978
0.3476752736826182
0.2880813322453091
0.07975176358580943
0.016730528381129144
0.029068098033789732
0.09645615421737784
0.21250091819116396
0.2063643754781514
0.35730233760880814
0.26212863755064403
0.181022882103016
0.6500963830926864
0.17744704895431543
0.701395119101673
0.35891379977987686
0.5695674353970708
0.0013205447635788745
0.10999928964632359
0.09050137832504877
0.2721356876625568
0.24160932304233618
0.3187551295376517
0.5475269119975342
0.10099926374255706
0.3800251862684591
0.17634195427639332
0.21907206187303996
0.4323392958022279
0.5048382143758428
0.09237513727499361
0.25065355375702664
0.4940369404615608
0.13399182592924133
0.20282803836929386
0.4098616781199005
0.1368299852406169
0.7039891372767741
0.29130730013954925
0.2983857291952635
0.0
0.24632401339416665
0.1906070853379794
0.16364358235424695
0.29910770249040275
0.5417420288253461
0.029708178448873926
0.29139446366701355
0.9408250344723252
0.005904495306045581
0.666934900895619
0.35425613123070276
0.28943952999181316
0.46891461357512276
0.06722096681595785
0.22423121901764617
0.24575835342372523
0.18951227605285415
0.5183664248968636
0.17516493883954817
0.5266571709491025
0.580768098819926
0.28659132893221073
0.0918292236614725
0.25347007899341056
0.2918940359802962
0.20741348268640442
0.22720312526207995
0.12067548481435533
0.7017044873988052
0.022264764881828866
0.11361228427251002
0.841584907993749
0.1414549780379282
0.30608433555034614
0.4585463286434411
0.3572867925265567
0.0535866238320586
0.1510321474188348
0.7825500725588648
0.44725709854240014
0.3631466897990126
0.0947671223088246
0.40864908592193966
0.2533819895348345
0.5687003188061512
0.5357396683376662
0.25238351542546894
0.02239192044910167
0.3098137001401831
0.09343812479640014
0.2287661233255069
0.3083163599037082
0.353929183429329
0.050584561491426656
0.11392010026402503
0.4681271655721652
0.4586847901145739
0.2120809698115028
0.17868928005611104
0.16862671056575076
0.3910294602920758
0.19763357694164949
0.4469406331227785
0.14314763271197548
0.4839945831301627
0.20817707223418
0.3890204177952475
0.13070483206358066
0.3546225659697212
0.1857357277951631
0.21717201569422218
0.5306553148433284
0.175007165235317
0.3487718627259822
0.48367822034466607
0.4920410344061564
0.1279125640670719
0.48925996281694295
0.32449685272774653
0.8760548730566594
0.5259450565987985
0.2487258041600516
0.4899027808518217
0.3412699965230292
0.9230413512539302
0.1970762764884697
0.4223616921176896
0.13511976606659487
0.24155486791074585
0.07440793093543312
0.5952339606190495
0.4375443698000414
0.4686348882863732
0.23614596967797735
0.13040575332984694
0.1497719060398725
0.045677952709205105
0.4227970611388031
0.03560124250247123
0.24689595187207616
0.19382050324925115
0.35346561730256504
0.004696744517385464
0.3392339689736495
0.23666549066208986
0.26072252028671616
0.33706608101480545
0.5120405911826212
0.3292162831759901
0.0732074036903112
0.37003325763263933
0.34497657953754923
0.23427128379576032
0.24628304859827693
0.18022580719070208
0.5235317797480503
0.5581001377781369
0.4039323282809363
0.36625809415361305
0.006200241611882599
0.0822976975141552
0.6814741476557953
0.2833332956135639
1.3351871786748604
0.18366820408755316
0.08593086680683584
0.30305136936784316
0.06435178916337154
0.42578836347963567
0.8301412238398047
0.5574263993402172
0.29771059839516933
0.11730554116979308
0.10364065592544075
0.19207415775732328
0.2596462064078161
0.21389161157675943
0.5699052219732136
0.2314621827025583
0.28068265977827056
0.24561993038728247
0.4110277016739873
0.03734817968790403
0.38578017282791155
0.4135716842613669
0.3467902489456762
0.49279585457759073
0.5250088836448809
0.24268505581207642
0.30613245777155795
0.5945191039424033
0.33282918924511795
0.10388735261238402
0.05691626587054473
0.006902094654693146
0.5524244099356359
0.4700893446277935
0.9356111877718762
0.04759741631281178
0.15597615757292932
0.4336099252172372
0.4089028969747199
0.32310770252694254
0.3694585887473644
0.03712221107709731
0.12366095597323744
0.12479204543366466
0.23402209682912106
0.09912154239494957
0.5274841018993895
0.04084309218001244
0.09253444260691515
0.21377509082731966
0.031195055698746966
0.40568053114376046
0.10760554766570055
0.9222144497077854
0.30739088828869227
0.23001694170814713
0.22815865164782312
3.971104460156995e-05
0.5193126227870632
0.15256102775322858
0.28451984713815187
0.11963024913819617
0.06679869635083814
0.09319547605236413
0.21028465969220944
0.24754170529216837
0.13949066113985956
0.2924158938623937
0.2940262887712973
0.840106435089896
0.130571112257132
0.04465852924799946
0.06576958517895168
0.1703220106510411
0.18363472690656948
0.14936145687155108
0.19580484003498042
0.1575851134924685
0.19102926534981454
0.395931381955577
0.22439345753476236
0.3041117230425982
0.2738856062945965
0.11779766325966598
0.21407796027007603
0.22662933972191093
0.08479269980277153
0.6603453728384813
0.08225350683057528
0.20123853144524775
0.03744741196673412
0.19997706659935235
0.48908347894874943
0.32347884258041487
0.06424847774797503
0.0
0.12309474093101243
0.250338303504654
0.32490292546159827
0.19938576704151015
0.052699593373305736
0.11984932151883622
0.28114040541072394
0.05214355716159926
0.1602785458432533
0.0
0.21333998375681637
0.1154508314397295
0.0
0.5629405242401837
0.26438450449268824
0.2165640474533876
0.024256288585594026
0.20217824009864224
0.21213498495920655
0.21808571831833024
0.553677339233615
0.32748010423133167
0.6695981479310676
0.22073537789607836
0.10434397055070069
0.34070383480267474
0.15185580553790304
0.13594508987108078
0.34801228409265056
0.052135054780605615
0.14477725579896603
0.16892501770424154
0.6141508486791704
0.044242907485491464
0.3688569664785335
0.1941464457724721
0.01326352303629557
0.10702294076293067
0.7364762415134422
0.2509444155335029
0.2514998197001308
0.055736840412612836
0.483992170443495
0.07116840659273758
0.4274617244605159
0.2004446922025984
0.03425033892445144
0.06742653352045952
0.22398688199990768
0.5087285607872808
0.11284282492685223
0.000631300451831826
0.2371458480118355
0.2897145827477139
0.13817684119938464
0.0510801287847052
0.704806312493142
0.05324963811098341
0.05215232323830231
0.5121516484889482
0.28680609336817586
0.36823554226128946
0.1744109427130432
0.3589605903816442
0.04762403255372023
0.10427916561830104
0.49651463780341737
0.20097981339181623
0.04313006180502144
0.2614066972447054
0.2244674824234483
0.003403894123047975
0.20724445432794558
0.29606316840254515
0.39495150631793713
0.29727500542703655
0.2707155127863407
0.2993344540269803
0.15959222470203796
0.10546115923488163
0.22347611409507018
0.692882076918763
0.0926475512717801
0.24334781155518143
0.15769785983139628
0.1998353661642259
0.12912340370958086
0.31633482795356765
0.1000605342345718
0.09319861813002848
0.3046296153913995
0.24981714119623052
0.3347470940582633
0.35514191830704106
0.23406714655344388
0.008120542765144028
0.5501885645066156
0.10214325422737268
0.03499422028858907
0.22952842817753136
0.22079311651385505
0.15369350357871217
0.5178174144912217
0.015796702125518904
0.10999741460382939
0.15777197580977587
0.17628965344695527
0.24724170115830973
0.45090870992515963
0.06815385792503885
0.21965825798239938
0.21150331837312153
0.3461371254611308
0.21831771960911328
0.05369603139297095
0.1063377534740155
0.021324283486289286
0.11890969613601904
0.476079675853578
0.43667527151043467
0.09728584368327747
0.006250220456500476
0.5454647945737695
0.022360956460391747
0.19408662059236695
0.30602723694121237
0.5786094630082154
0.08960491308702163
0.13003108349305326
0.13772129392921736
0.15132001730586597
0.1311149305508024
0.12936411701461914
0.48929028584782197
0.017830035628464306
0.22213173281515503
0.118988813130122
0.11035203564608767
0.2916984843823524
0.19089968625155357
0.031412858073859136
0.23088348252961385
0.24391244248018287
0.24009595738928916
0.1694832146699871
0.14365122293749782
0.4329190220045418
0.37746253518600315
0.16549890355988298
0.2053759941437053
0.365851948255204
0.09184334118391439
0.032193035031974196
0.038370240076046676
0.13466687730022509
0.049978157273344564
0.010191196884665195
0.0018990779182241353
0.06486804588830686
0.1724931533810873
0.3507780254867264
0.08583350632144772
0.2933070041929814
0.06517535057052184
0.25715246593210134
0.21830361535195367
0.13519071451745324
0.2635794392299889
0.126332854490959
0.23723925284356767
0.6018433665595653
0.478532263852927
0.11667545410127483
0.10831062752594632
0.2369944679685484
0.03176490819162359
0.07632732632655284
0.004060277244357229
0.7805920465731465
0.0002786521875420352
0.1726548246387061
0.05458335805482629
0.6230787451272445
0.37307504663912666
0.24525545418835518
0.13357330435363224
0.11899545414264037
0.13776188311384624
0.5040527525280948
0.22972639486256405
0.011999182788104915
0.40016013592287886
0.6338220235412999
0.1742596099257719
0.2888822407335297
0.13629118126564294
0.08950048974532619
0.002460282110006695
0.16988395477680823
0.3476352978201154
0.20754389933301381
0.03343225854461844
0.27656460406965566
0.8928687629166603
0.2784762875355624
0.10794962617771066
0.22037275434474946
0.16906648565094087
0.09834746256033994
0.25372887329954114
0.12467978312038835
0.20633354003790885
0.15461465869670957
0.1911303516129737
0.17284671167481405
0.1339314516529861
0.3562329816762988
0.3101302161837119
0.12675319446240305
0.18915546486541876
0.1736721248651549
0.07918351658003198
0.13306808817677196
0.04308196100671423
0.3410413270609055
0.05576494273340679
0.20433644344112917
0.33301056270926643
0.14265083267988557
0.20341328514347537
0.17714677458806818
0.18701605393707238
0.013808317871514712
0.22257376191289835
0.1309476871706586
0.3796844140814973
0.004165351236022437
0.19323895841114563
0.049910115909766774
0.3928147561329384
0.17443920129187646
0.04996177550515467
0.5325622733938188
0.06214568532061201
0.05625138335099858
0.46068742987439093
0.5626953663087423
0.00018362407914200064
0.16091878151118866
0.09335916812279417
0.2364165365391226
0.37478552211949206
0.13870636317627957
0.3497991995053867
0.05161507850963314
0.10754360873706209
0.0315426132471045
0.4450377011535692
0.0321258597519318
0.09144058116546071
0.38915339315076564
0.08375494506788937
0.035378059234481125
0.20024245633111903
0.058239510538723296
0.26077778105561433
0.23315405059289923
0.21627333209311358
0.10968112949527896
0.33614004934916447
0.23415580189948704
0.0023874231339498326
0.24376280108904014
0.35896517451398585
0.1707192630703085
0.018022972561618767
0.20022090786890626
0.16559673042968567
0.08008379105398852
0.3070728205051949
0.07524327504415262
0.13066773643427448
0.2002658496877663
0.07283268771080344
0.1477551302164922
0.8089873710485715
0.16724691861617794
0.04987774679260798
0.12935732218786614
0.4807488848368212
0.2314917316176262
0.04881770743380836
0.09271279656453509
0.38875120684155257
0.0958264490639117
0.05338432486007796
0.2488435228123969
0.015430880545583331
0.01149949130708054
0.005833777186386569
0.46443986183399827
0.007657907976664157
0.1460612041397398
0.09409725396237792
0.08163747382435996
0.24086600778864756
0.04451572944272024
0.35817821824623763
0.048571994358713746
0.0630208397188208
0.06797657375713888
0.9228136314216627
0.17018643301242353
0.01296483609257608
0.03254172573365168
0.3311742075890634
0.32985484329414655
0.368253705351244
0.17205925840285088
0.07994084109982572
0.004886320948240865
0.35541099448011004
0.040737285526938866
0.27184709355901004
0.09011603225563242
0.3648638920260671
0.32215267883186327
0.025001829676668093
0.3371127544644997
0.07669168635071423
0.02422968770443153
0.2146022174680275
0.22423342117119063
0.3813941193761426
0.025638318430851955
0.06234658093923768
0.2133517619190775
0.15071705726861045
0.002622569815740667
0.04351182623008094
0.511438994371534
0.48889986115379847
0.04705171588268462
0.2243300189929284
0.5593016399976054
0.03149228916264007
0.10792436405297431
0.014755976500621519
0.17022354612913718
0.261735724171998
0.033742428578459764
0.28366000621303067
0.003820921955347463
0.5049338644467491
0.7874268770200918
0.23245935653156463
0.045171803997620004
0.29000256780211314
0.04747622192346123
0.007636529754662753
0.1888998653370842
0.12741934887701786
0.07450695905000904
0.005599764652823145
0.19371574039168685
0.0636426722527953
0.09285330764827646
0.23091315790968267
0.08104850718409125
0.16441517340053938
0.08038712613356279
0.44428451479437503
0.09237825393483425
0.3176691875509688
0.0014385651009751496
0.31212058655817454
0.08598671948974393
0.2983155047271289
0.2834487029717285
0.5278724610670174
0.3163063985891052
0.05374284691535735
0.0818931025070532
0.480247110625841
0.06426059746960663
0.35490220056871175
0.4777954818355826
0.1596517466239944
0.07765509578054472
0.04519552843816714
0.15671362057976884
0.05425128234274824
0.23168985041592696
0.04599880793554767
0.14318729946556008
0.33042403612039867
0.01758257589226317
0.2060954404820356
0.13556581205204868
0.007961949451212211
0.2424858644217116
0.3123554341647569
0.004341941483936164
0.03080500191612218
0.08239572233802837
0.19038062441413472
0.26683716476774805
0.017527506721582604
0.18904959134194244
0.28811575605322115
0.05590603772588046
0.004722089076529925
0.7175883632753023
0.12654268242338435
0.13210452184429097
0.37212338961000485
0.08844208875736087
0.051734734746234884
0.1462989142697798
0.16564419294593172
0.03982939679289393
0.060911128486757914
0.1998634745748765
0.07283954874681853
0.4602641824038531
0.003923166017118504
0.23654392590536674
0.09290981597330268
0.904267467319338
0.1151280135837598
0.3590119404716858
0.2741306658060358
0.17122206748943433
0.31092157200050496
0.11764434024242708
0.22239738376128557
0.21550541311964616
0.0
0.2258492646937673
0.06481740362358099
0.022859864765846297
0.015183115008567822
0.025015935484993992
0.2042798575900575
0.1860517351829752
0.11566738357571833
0.10084471063363631
0.06766753794813343
0.0713094610368878
0.5448150775697438
0.34251075970359857
0.1873395653340015
0.018242041810390144
0.04772738724821098
0.047193782446244226
0.147708874623932
0.060601347501160426
0.10246645016922512
0.12460762354012053
0.02248044324175904
0.1300979725980176
0.6110797214122822
0.2875688723509478
0.14239367962738356
0.02882411509149639
0.06362224266485032
0.14701633881646917
0.09680442480024927
0.07502532431281711
0.033270370954898834
0.12258001710307483
0.016728671888736724
0.0
0.13114386281084078
0.2036894089870049
0.09817907492202942
0.0237475315734055
0.03295179096112557
0.08723408186921526
0.06429289135732069
0.29344214054405166
0.36702743916676206
0.05164050407288548
0.01843837608029168
0.18096295234941284
0.18056794042771965
0.17880787515344948
0.023554640722910542
0.2007581216043746
0.49796355463794
0.07824167562881053
0.08771279112499598
0.3213242394932559
0.4473813115067559
0.22143937738512257
0.0
0.06398751815155165
0.08927485656729334
0.08619121933223815
0.06254195951816813
0.03590984488256988
0.0981596237300319
0.28625859034614876
0.0077520286825204605
0.038080769416034124
0.0
0.09438519250449241
0.12456797176510041
0.37397732032472525
0.1689874624800725
0.02365578713331701
0.5690212263629822
0.09548276065377624
0.3216406797584237
0.7346996377074316
0.02063269419385774
0.0816273142169785
0.01900885330119667
0.3659485114064594
0.08872013859271224
0.07030586773753669
0.019914497257595917
0.1773990509489213
0.022062865122315947
0.30124936813262865
0.1452404387964237
0.4776968369858213
0.2168042057808038
0.0
0.004461309546829773
0.18145463582313795
0.07457777236638401
0.1762102920212327
0.19635146095595654
0.054346131110927724
0.1662399334752461
0.10008501018776857
0.07505838775095952
0.12074361069070594
0.053801228829966595
0.0048922628846822065
0.20654860195001645
0.0
0.035158117721076534
0.014685035051671673
0.045199118686239916
0.042134816843766514
0.027789817660981927
0.12558558405287423
0.3819214732517198
0.09169878242272131
0.05610254862699484
0.020890498048178906
0.8651390370451306
0.019542018172783678
0.10241989338243247
0.42038527351282595
0.18114758496070904
0.201376304594339
9.230083468211378e-06
0.06448753774994091
0.028136275960424263
0.0822232235159161
0.460066509040212
0.00044687477556844377
0.1454873889148104
0.03196233372635542
0.10274627351410802
0.1423703495795394
0.13412868364532668
0.028870980956535605
0.6522567995108277
0.1314402090836263
0.029455096279654615
0.3031351676079882
0.1652272527675569
0.18062071982898129
0.0002609830049320667
3.0063385211858934e-06
0.1775010105688996
0.213244247417884
0.06066751257647625
0.09708616061510396
0.06428751954738625
0.13556763608692446
0.0024903482611935185
0.08002746746782882
0.45084209426610306
0.2931558276429126
0.02057307185906957
0.6905115462169715
0.3911664335878872
0.06138382119280194
0.02189393036487853
0.020823028080109593
0.09788444395582085
0.24485111573718452
0.24046420252878722
0.2895539238655741
0.07663192616033586
0.4723961990212271
0.07262707050262529
0.08387377279552363
0.30752823281257535
0.05413645965696128
0.00189616866457491
0.3033098793536004
0.32549891806032416
0.10063826553568296
0.14264444730137646
0.20004395621939225
0.026891387669139868
0.051285017383092005
0.0951873832968868
0.06133976054370902
0.0004132682667698121
0.15054464817615956
0.2705130164484434
0.15372592493078843
0.007995372739789893
0.8769963117669595
0.35093569493427085
0.06947236689898853
0.00015105697523625262
0.16438472560259582
0.13109487688002364
0.06413839146121794
0.0443561786545316
0.3452059874052278
0.02547109381519721
0.0011517599553899744
0.24956082525129947
0.20965853503302806
0.22632217360264548
0.7042981723426306
0.11114582469228847
0.2571816980845919
0.3071621349166062
0.07692344063747104
0.08080196521425849
0.027469186300359473
0.019237839646971646
0.04202008984690782
0.23080348938222564
0.0
0.18355311670384392
0.04141578468823811
0.2564148068414513
0.07962875790599386
0.1425658155326946
0.0169645315451226
0.17288449594995092
0.07249870873692597
0.0
0.31177227254061046
0.1261352872687701
0.03263585972692671
0.1547813264573742
0.12434208761878626
0.19189414462384746
0.0005638944251575529
0.20340997280861225
0.047484968084113684
0.41725249499371225
0.11816567548799624
0.5576076643013861
0.23886873174790044
0.024301481775099828
0.0071022794696868905
0.07808838489634588
0.043497516627282434
8.687211284180575e-07
0.0780632688635683
0.311677324914399
0.30282251314047703
0.3062673273549482
0.058468459930040594
0.11048734919931326
0.0638926920221838
0.026332798584339092
0.3523305140841774
0.04061609640004008
0.21539635317317704
0.1155465289471668
0.04253950600766381
0.07115955353741973
0.1088385683990914
0.0048755428100868674
1.6346696827744e-05
0.0
0.012425958582175843
0.2068923525455081
0.048566239476243264
0.416135881698335
0.2302861407308661
0.12767166298891924
0.033717170154125724
0.20651804351245243
0.01261798144039047
0.03557376516737146
0.34103799170155513
0.21928429202001712
0.032958801121622625
0.14510178741579527
0.14701276402804958
0.12880232153564836
0.25212117264023637
0.14810393456181808
0.15648632676255742
0.0028277042940320074
0.002313744779164313
0.5410789028045817
0.0012622972727530804
0.07264578386623956
0.23344282417173945
0.22332004483103246
0.12035693324095223
0.09808617246997912
0.01760246627061041
0.0535862908430266
0.20237352636709585
0.0031431294857081557
0.08454578267134188
0.12664379016229324
0.055915528384389256
0.02927553285614424
0.2687423598398751
0.18750789502910709
0.49827011358617274
0.10462106460357043
0.17464254968572754
0.2861529542915399
0.12045888780768518
0.011206301664288742
0.09850857390358052
0.10365138924139025
0.1278670018851972
0.03503502185793412
0.027483036569297806
0.05675303181906556
0.022356650080893117
0.15060499230108412
0.3748093043737061
0.39280365969039693
0.24648577956237044
0.20607715727148096
0.07262530055478107
0.05324872542679887
0.3506439917892563
0.3157107682397767
0.17519197999704636
0.06704379760035183
0.06845290058833459
0.47578527914513297
0.03637151065819574
0.15322216873201067
0.4074936607140759
0.5226017973201214
0.031524185536093076
0.1938635255037455
0.05608412876506955
0.20209430146140434
0.07497461079821091
0.3739637896913665
0.06020309307363265
0.19997012008207365
0.02749876127182817
0.23778650316052002
0.19045965002915202
5.265252499097821e-06
0.11842987417478179
0.10592158361505258
0.0029070361137814526
0.39207526745235044
0.03130551362164431
0.09276479816077067
0.2725610692782888
0.09407524027348872
0.1707667688856781
0.0018201031657879754
0.037679170837692885
0.002554202301476998
0.038981488567982496
0.12388583716916764
0.0
0.14391858345530997
0.04623817454506227
0.11608154911500239
0.05417637673517153
0.14751770583466675
0.18217748788292135
0.746638118566489
0.7509172078884777
0.0
0.00021047264601271399
0.04307439653015162
0.644713577711403
0.0
0.0596058116364194
0.06332231680419612
0.06611161632771535
0.05855517369720583
0.4133621721038916
0.24534707772542894
0.2825639545508439
0.1261352872687701
0.24370296192211624
0.1160469715983405
0.028558899331798372
0.3017490714392805
0.09185261971063222
0.14237763771953105
0.07590471435603205
0.00380600269117579
0.09540856330257146
0.0
0.1371024955982543
0.11628865403842337
0.007760871545497684
0.07411828287847738
0.023342138215902256
0.28827731395463696
0.0
0.017756935702053753
0.24938216029059337
0.7099514398617299
0.26654667975123547
0.050663988351668285
0.20081662316064108
0.01815605055044509
0.21709263047062677
0.39927729020341923
0.0
0.035899237619005736
0.24949080177998137
0.18774428425664058
0.0589030861729963
2.4843564007796107e-05
0.269656050907733
0.048815986803243595
0.01703364715147658
0.09489308941417503
0.2809079606406397
0.13155816675805448
0.04809167399942306
0.010711147358721819
0.028090163954557004
0.25047625320878975
0.1378854754193016
0.21475578083053343
0.05136579676092262
0.11987530795138251
0.367994195054881
0.31430065808359015
0.15559591842069714
0.3364951223859141
0.10876838433243287
0.1329095330362504
0.006024028671826725
0.24787885679941085
0.012070017358623793
0.14749044728871855
0.00021851516145927273
0.4783498841441488
0.22153673066302962
0.055907742203443425
0.25894410937886847
0.08209834265484846
0.06024741714816841
0.004907367610212775
0.18777423098982363
0.2944908545448248
0.35482593112223887
0.09819702531391578
0.0028373321544238766
0.4475073011501067
0.0
0.12879348491547601
0.08170991451225304
0.05611551369036623
0.15459851410604075
0.0
0.00946526174493839
0.0
0.17638717589766087
0.16153320259185802
0.15655488699820977
0.03011149850718683
0.13604569343878045
0.010690916682021606
0.13193277363685668
0.2738595797040532
0.13476739285326722
0.4702072947219927
0.038920207785289235
0.4088213579872616
0.3096925184161747
0.1898411026656872
0.06940094185708776
0.0
0.1819281209199465
0.047893191173372034
0.09891526894556597
0.1758991167305712
0.19783774402167337
-3.6897047183328664
-3.88772199328752
-3.432533008463403
-3.133363163221536
-2.868718585796182
-2.5484038243886027
-1.5997087011862128
-2.2054950672173104
-2.0468653911107375
-2.290029662598659
-1.8641707205246352
-2.5501421835538034
-2.3060776508897347
-1.854032852267296
-2.706969573309717
-1.8886987693720474
-1.6248939934369775
-2.2696668280689294
-1.8546671993713237
-2.0751998507426253
-2.078764162915915
-1.4274796186952154
-1.5144680705738978
-1.5837451496723187
-1.3711946081231248
-1.626169104333676
-1.9838908830810915
-1.817825891204572
-1.265048184178678
-1.8263626218479072
-1.465682196029972
-1.6736447396687093
-2.033104035323665
-1.2177270838743157
-1.3244713192158835
-1.1160312640920012
-1.6634899030794548
-1.5135955407079997
-1.5003770744909977
-1.8450754836149141
-1.3434359795588522
-1.4546947641132757
-1.5920665042907642
-1.6004184036089026
-1.5639007076176399
-1.2310542311416066
-1.0880273696692793
-1.3551033030896968
-1.1301348890724368
-1.1360844180214789
-1.8784057031137198
-1.4539588322757964
-1.5416364025374707
-1.8098221500764617
-1.1296743455514535
-1.7505250397781666
-1.4880769114758021
-0.5788962861301604
-0.6930850199091435
-0.7318882249859416
-1.2058801250026472
-1.6837895271544063
-1.7519202160543688
-1.0405713621944093
-1.6330174907953372
-1.5562621723068586
-0.6135715446365358
-1.1426719505432164
-1.076875712626564
-1.5029858789005697
-1.997834185368255
-1.164201633759187
-1.2049061885269836
-1.9102794990492642
-0.8696409429110814
-1.8207090073538297
-1.1002783225438588
-1.2591167416826528
-1.456460821514343
-0.5050102648425665
-1.4237757703232954
-1.1599801551389304
-1.0720568288967585
-1.821369385181747
-1.588105619687311
-1.1000928477659333
-0.629561331063722
-0.4869062444293089
-1.881273037578141
-1.2709995604021123
-1.006929298303319
-1.044676749986741
-1.1951857652201303
-1.0523339485380485
-1.4813984042655193
-1.6484614040077952
-1.221334369401562
-1.277375778280681
-0.6420121936270282
-0.42769415590299936
-0.9918584243722504
-1.190223757206493
-1.0334391957057094
-1.2300428879192842
-1.2495410258784205
-0.5337088542852368
-1.0309698061533887
-0.6697337030980014
-1.3425596264500994
-0.8912015544679643
-1.2910969910826058
-1.5026934344497573
-0.6247454773020475
-0.8713620752157383
-1.4017915733623387
-0.6703148895073824
-0.6513231442267516
-1.2932849687899892
-1.1937084609827455
-0.7036233006699584
-1.2651580919503773
-0.7808492340944004
-0.7124065964668044
-0.8926865125847402
-1.4459924720660715
-0.8471889905554832
-0.7008784813697847
-0.6181479376634796
-1.1570952067318596
-1.0897811976517309
-0.7712861836602536
-1.0389538881741325
-0.8648999537374488
-0.6025245605894954
-0.9205512327355547
-0.7357067489260151
-0.39596686819778387
-0.7004457220785579
-1.086980435556306
-0.7116137989599316
-1.4257686215029997
-1.1957884105485777
-0.7405504545306544
-1.0719707226579052
-1.0958801734218697
-0.6139285416019469
-1.147575609651224
-0.9321232042902119
-0.634333787839141
-0.9355466359926903
-0.4294049691447554
-1.1645335195158542
-0.6271994105993968
-0.7538642246829232
-0.46104554900996686
-1.4638283102911174
-0.4601515942956994
-1.839210580583443
-0.48901821498607134
-0.7588588089820687
-0.6443879856953475
-0.8953634945221376
-0.7015604138179936
-0.6547850380055994
-0.7529848824140484
-0.9644203774855488
-1.7030561993965556
-1.154077782705966
-0.7504258342532868
-0.9720776420678088
-0.4735787690317395
-2.0470985175919614
-0.6955581141746837
-0.4621568505003988
-0.3616143909144502
-0.905183912208015
-1.2499463408306632
-1.7266096314282426
-1.3932607036384081
-0.754102482471717
-1.0070759958392883
-0.6154103087972154
-0.6669613453595982
-0.36075388323793683
-0.533337243266559
-0.5129580481357274
-0.6732338423156461
-1.2247809774692104
-1.0824978571273929
-0.49834906833969284
-1.4275715647627096
-0.9052113800709136
-0.8375433137998965
-0.941052553103899
-0.37171829248095295
-1.3991943171532488
-0.8832705733767924
-0.8829116066999628
-0.48732546376309543
-0.7184647600125941
-0.6988170989391416
-0.42700018380587024
-0.48300525381066
-0.9352106923636719
-0.7538758307702247
-0.31288964478490633
-0.5352883990544514
-1.1991948604699705
-0.5116627238874001
-0.5421191762066877
-0.8406106065042904
-0.8716386724566124
-0.5965501839954604
-1.1388823335574396
-0.4098624929968506
-0.3545908339519524
-1.1188342905945132
-0.716603377984123
-1.2112816950949208
-0.6680379542500378
-0.717572884066213
-0.7921285272180408
-1.1001600076617766
-0.6095014977655823
-1.1611820816442622
-0.39743112895725097
-0.9178958406133878
-0.32252014383854233
-0.8572505777124081
-0.9310563803812265
-0.36555750513708335
-1.3669898057705048
-0.9813681046579819
-0.7200497645323307
-1.0653359120584438
-0.6754300225897241
-0.4278674208612457
-0.8822356723411513
-0.5849526067226781
-0.6198542825475335
-0.8501181727994193
-0.5440824721680874
-0.8518274466006396
-0.8941735136107392
-0.8182700986942488
-0.7943575959983409
-0.6545386145774081
-0.8322495415454857
-0.20642746528674472
-0.7427862764962552
-0.25456274702599135
-1.5264802386707064
-0.9070001857579492
-0.6179672123244337
-1.1993274117934671
-1.6323070467477407
-0.4807218252040139
-0.9325547800403188
-0.6564291269798088
-0.7692282608500446
-0.31951496297932414
-0.7926860982758288
-0.8960830664490194
-0.5532494009563501
-0.2683443549706351
-0.8909932452749666
-0.9813042153145421
-0.3482447477409922
-0.3862541830178989
-0.3656155263653154
-0.5404139163455675
-0.2641311966686621
-1.0422981614860178
-0.40751878275157744
-0.7031378246161043
-0.5796326895904823
-1.0407367703498993
-0.2514587164353682
-0.9210897735795273
-0.8955929359414732
-0.5434842575121269
-0.25700633714334054
-0.7156312226989459
-0.8287281529428941
-0.872864352432346
-0.445865335837582
-0.29807780864626443
-0.4038195942065538
-0.8808120072840522
-0.604508053199884
-0.5200179755195375
-0.7039516213494611
-0.9174938043291095
-0.5019000683180801
-0.4348419415662179
-0.7777131519769271
-0.6807840476108967
-0.7742645731107185
-0.48617592085970635
-0.1605073926344294
-0.4141182731392261
-0.157504984432872
-0.9927453725952048
-0.4141199332249371
-0.4581113128837402
-0.13444736369885177
-0.6337433733473623
-0.22406609923666665
-0.8076895387183298
-0.727592606855264
-0.6728029133803975
-0.1517103893382264
-0.9380150369036667
-0.4986013103319653
-0.6458102757466817
-0.4719334287866697
-0.7763671634076632
-0.5440171852245596
-0.4703515555116474
-0.8183094649939435
-0.5862500926340151
-0.7321894708627698
-0.7127979114355104
-0.2790923720962481
-0.9108223652183771
-0.38198176918374394
-0.7488769108213071
-0.13400716363832785
-0.3722518733259349
-0.38356630860904345
-1.7430847558197655
-0.34771058855102643
-1.5142511624557824
-0.14067775990727407
-0.26028521419655104
-0.7426828101943627
-0.4637160761263098
-0.4269269436775465
-0.5375164741978523
-0.3562433815136805
-1.0893711447622212
-0.8664385889598556
-0.9555664158494172
-0.7518193367635435
-0.28312523559178915
-0.2643693052867706
-1.131919297850909
-1.240241327893278
-1.080983515820583
-0.3334884617576761
-0.6365732994861162
-0.4571596797102054
-0.40162101573140346
-0.9842190486246832
-0.7367484266012034
-0.2779148750081652
-0.695348386791822
-0.19134242143716984
-0.3875901126106979
-0.8870244693260328
-0.8377697150335013
-0.6510947266279323
-0.2693867615639088
-1.0549527615240302
-0.33740024547613795
-0.4674740876668034
-0.7087418768553876
-0.420500541464571
-0.4852804528452901
-0.7011382408817523
-0.9904716987871904
-0.7866956304154119
-0.4365610668250924
-0.7071886489810968
-0.605098965182381
-0.5192537492430115
-0.35467332608593205
-0.2690937586476504
-0.44020844302148016
-0.7434489826859564
-0.392766174153798
-0.2003818833599808
-0.6263843634918751
-0.22537949087474463
-0.7888924476669642
-0.8225466369478038
-0.6695474316626053
-0.15259331150884994
-1.0959843678774492
-0.3634808770449241
-0.6454643047107773
-0.4229457296940389
-0.19613226573497602
-0.7119374226297714
-0.37184758285766706
-0.33038878200965704
-0.19581946898338173
-0.40799191560695475
-0.7589708707456168
-0.13605188331763834
-0.5198813927663554
-0.32280461302016694
-0.18948421105185106
-0.5552642281248312
-0.7433857263260653
-0.29946085464986094
-0.6292658897746854
-0.1521953562437212
-0.5824367543248959
-0.6526780410469871
-0.9130746284827389
-0.2983662915700396
-0.40505680021376883
-0.46160810593708645
-1.0100244864673296
-0.961527851545192
-0.49946409653569374
-0.6428726685217976
-0.39930651181473353
-0.7628912830398242
-0.5330425408095876
-0.7107767705043339
-0.4885969946528375
-1.0036915113387332
-0.5491453976111011
-0.30327103256689053
-0.650162398348869
-0.12021839897188479
-0.6212037004194834
-0.635361003200193
-0.34038743028505036
-0.8079673766719182
-1.7124774419519266
-0.20292596571774865
-0.44656368335500696
-0.29733342679314084
-0.5917710466801275
-0.5492009201836754
-0.3009561753234932
-0.4328766371992258
-0.6009003877231986
-0.9407404806978351
-0.5218172953282707
-0.3953816819989382
-0.2969700772303768
-0.5125946515595414
-0.12458665634095398
-0.12566996410754921
-0.31040724381990553
-0.47073615943377517
-0.5059888578550211
-0.8002232847913857
-0.042092051505451825
-1.2792867636699883
-0.412752955357389
-0.7484332420516947
-0.45771595246461616
-0.2601945099763997
-0.22461435280089867
-0.6071097759947698
-0.3276871456801594
-0.20985043685826876
-0.2661986338389557
-0.34261979524852915
-0.15869867968804818
-0.599583823246663
-0.07919087241348335
-0.5115771345656812
-0.2838782249512512
-0.24256870143427664
-0.7748689799689942
-0.8095852217052205
-0.4877458054081099
-0.3276196904680172
-0.8367183924886868
-0.5015630024691259
-1.0839002219161697
-0.42273242421652335
-0.2349335893798089
-1.2185784112523435
-0.5936609254334566
-0.4252096157859027
-0.1264390934687109
-0.425428150820775
-0.19306088552606676
-1.4295033976164586
-0.5349676772954329
-0.39146512472280526
-0.3428307106266871
-0.9339149180153187
-0.6061361330314501
-0.4227641613305816
-0.6083360655998284
-0.19433760501210506
-0.27542000479658746
-0.22502661535510143
-1.0911212112970607
-0.8144787164055146
-0.43248323232521585
-0.22921923531581445
-0.5617220583620305
-0.27620974971519197
-1.5437457349075627
-0.2975278661427642
-0.507591408348036
-0.27189904871059056
-0.3650462701852564
-0.2907629876300713
-0.12105457208620576
-0.23487486103101787
-0.3512084396929512
-0.6357963412603979
-0.4123016265957244
-0.3094438954538943
-0.05467898922926487
-0.7314242173852524
-0.44769935384088594
-0.14071906656255015
-0.27057780048941116
-0.3614181946425602
-0.330904896939508
-0.45182678971907103
-0.7455432216859659
-0.5442807556154953
-0.3550212074907882
-0.46339237045109083
-0.7134915407237534
-0.17248224383640456
-0.2813252333071197
-0.24196617272449147
-0.6915416886441632
-0.5510178325650684
-0.22027354107313132
-0.4613446905494766
-0.4348297157104219
-0.23689292914131144
-0.3549129131640183
-0.1757820546313836
-0.5844476182238001
-0.3304107100500034
-0.4477268221582616
-0.39171873957744263
-0.5470600842687611
-0.08791861237887866
-0.21942461520189516
-0.6423505304849259
-0.7872081908561345
-0.12360344414893305
-0.4313948116053723
-0.30921495920421044
-0.3297135070859491
-0.6819284002625278
-0.5732032620406414
-0.25789201765961545
-0.14686247099135155
-1.3022832147415637
-0.3020160818711092
-0.8209070762600177
-0.4195661005144441
-0.5134192816777833
-0.0010107042969525846
-0.1562525647235255
-0.7305802322961552
-0.6932980510935759
-0.18026011681293805
-0.25803576035279774
-0.180302997739066
-0.7982250803093004
-0.6972621918029425
-0.35328633518874136
-0.919609885567041
-0.3505375519443474
-0.329765905847626
-1.1492318121590979
-0.5889551894176054
-0.38574653650456003
-0.4842198496844071
-0.42525237607431304
-0.6285988354187388
-0.32431997250856964
-0.10134861214204349
-0.4369078311903052
-0.20473728836029542
-0.141498342206475
-1.305531192121288
-0.6988585899270788
-0.6926923212058511
-0.2736465598127406
-0.6715666503449601
-0.5733391057614778
-0.02941338929447012
-0.26147986805985224
-0.8137156411142309
-0.23700096876229118
-0.41381487625054747
-0.03759812465966224
-0.08771355433253328
-0.7488641058898198
-0.48332002993707035
-0.5495380807521063
-0.1475911830581607
-0.22460393868089323
-0.5353984164848158
-0.40565053292094544
-0.36713043110331656
-0.4967372646938372
-0.3909948306832679
-0.32230805197268214
-0.3797807496839556
-0.6740670686743901
-0.25461831974299365
-0.8163147769721358
-0.8340116567356713
-0.6413781012780232
-0.13273702109812383
-0.40638039649579727
-0.3773748690081306
-0.5058515652760893
-0.5198339608958502
-0.1327369169065137
-0.6123826129817928
-0.296692868515939
-0.17436603333658873
-0.24745339824373253
-0.16351283244214138
-0.6695418708697544
-0.59297589952832
-0.16630376236828542
-0.2988490532605014
-0.677204200539403
-0.10552468949900777
-0.41380642697313486
-0.5185188159459866
-0.17871574972015836
-0.2763747726759688
-0.5079000336525642
-0.11844427653434755
-0.12736530921748254
-0.2602436633684629
-0.46683847778373044
-0.22877113044532002
-0.573509270430759
-0.27292774152886573
-0.22653349689445565
-0.16001790682118341
-0.6133902673945607
-0.1253447850292853
-0.6695230484335422
-0.27338856061215167
-0.4489331247450495
-0.4110916917335767
-0.6858657572818593
-0.40015585388537644
-0.3899088557246324
-0.5522298164456432
-0.5958555524187797
-0.49942834101845157
-0.10940413170126141
-0.5510037851934306
-0.18318613725858657
-0.3674873420849242
-0.09849480216106292
-0.6034386481405721
-0.2794899851967021
-0.4587645798262893
-0.4316501350088856
-0.3638783118026145
-0.22251045458439078
-0.22102305833190747
-0.24317082694879322
-0.33462037550736357
-0.5589880677737035
-0.9920219755863322
-0.2846257604476519
-0.18153089753348162
-0.39639673989485824
-0.12760789140885723
-0.3102787036474064
-0.7282381515477655
-0.8144732632347326
-0.28224194653201046
-0.0661598531313453
-0.5315701220109509
-0.16632481601570606
-0.2208521300622647
-0.20847151730174665
-0.21887137326430017
-0.10354021410879084
-0.5250772361125773
-0.4116362710980601
-0.3565396028586273
-0.24282434839584868
-0.6850515332167515
-0.3237336253512315
-0.380393435507957
-0.722077713081688
-0.18215453184907046
-0.284471968823597
-0.2150194161583041
-0.0852286046475053
-0.1989021781038027
-0.1994526909797624
-0.2508651066354425
-0.06543538407357388
-0.33966971637503934
-0.48084215823892046
-0.1777426710302567
-0.37707971618843794
-0.4482728562844867
-0.5789542244977532
-0.11415846478417978
-0.08483153862478962
-0.4669040157238405
-0.09369878987139446
-0.42192627814633105
-0.07406191820912637
-0.5490960500478352
-0.5215505742818384
-0.41577343565700065
-0.2878913457912064
-0.0011968060735062045
-0.11625939282768871
-0.5838491486761271
-0.12151354552123232
-0.7724253573450122
-0.10633812945152309
-0.19613181877706212
-0.22668854604507385
-0.2755129444758378
-0.4488978431045242
-0.5921236049065816
-0.007833095127604666
-0.667641243933806
-0.14612776539471636
-0.1679368585529107
-0.779777173625036
-0.506774332026263
-0.09065433391227909
-0.4348050705054536
-0.7902023231546772
-0.30401186238923505
-0.36192499810759343
-0.3700329281567726
-0.27136601061895504
-0.1256343845257387
-0.3767919299225502
-0.2429823453582924
-0.33751563830379944
-0.48340227358984134
-0.05782461799913134
-0.13957984172499455
-0.28387627264589654
-0.565599473934624
-0.24114889897455094
-1.0779786226092072
-0.7797745868502794
-0.07353327557867814
-0.12554992952162314
-0.36969308106549403
-0.32668569540988834
-0.6412689816906094
-0.6727504704995901
-0.9972763122607038
-0.5210351931027936
-0.5147568833872168
-0.2920257660491732
-0.7921153994849193
-0.2941552561113032
-0.15970399764307996
-0.22196326522614818
-0.1102373891992709
-0.712844042122241
-0.793258987625293
-0.00036538720604329853
-0.4250143272134005
-0.2312775309920309
-0.07272503786728993
-0.3999526289200441
-0.5411761903357193
-0.06357420670924287
-0.2200949586951472
-1.0203964847142635
-0.26016405286172406
-0.00010398795386160216
-0.34878704716558434
-0.1453329412362841
-0.5642465005613402
-0.19613713696682455
-0.3150851999859152
-0.11310883608275558
-0.3058594524300804
-0.33541892055261063
-0.15839789121993642
-0.6208145235266896
-0.11448715422603888
-0.04706817611427243
-0.42181295283348674
-0.6190423051510585
-0.5137896682084772
-0.5788327825664915
-0.3033154514564673
-0.44549335770055803
-0.3143929495400825
-0.376662246092075
-0.4761421016683218
-0.4133027939834051
-0.17011022716153001
-0.6225093606169906
-0.47279612082902667
-0.562626637348549
-0.6039340133712252
-0.3058328470201787
-0.32850842007030034
-0.4273265598609409
-0.4350794345439216
-0.38470185044106664
-0.08862324912466947
-0.3273826631480497
-0.9279058055870385
-0.42784553935963576
-0.38581224885715515
-0.4440464715404368
-0.4961093789597348
-0.16667455739999548
-0.6639474903532181
-0.09128805092591223
-0.6019439061543232
-0.4120494943686751
-0.2028242151771162
-0.7869862472953214
-0.5151054040577944
-0.17554009994863787
-0.012309799694140238
-0.679368300057625
-0.40933850844032793
-0.3436037575337844
-0.20447390209424463
-0.8736469657056015
-0.20112677107488908
-0.2705028028517454
-0.07841219228646641
-0.5260471722379905
-0.4683643037691556
-0.353857959173754
-0.2729218709122399
-0.23653260245691154
-0.47583477235318933
-0.266749121915162
-0.3759158723517314
-0.1675317509810032
-0.1507868533713921
-0.2254163887284073
-0.1348756252547304
-0.11401357044888115
-0.3917588488666855
-0.3215803008371961
-0.17963498603828415
-0.4301773961294621
-0.11845732821021633
-0.41215143293809126
-0.2958853071351728
-0.16260914436795687
-0.07943985722156408
-0.07449814654539087
-0.056347693083400124
-0.06589402011019221
-0.31198669880792157
-0.2659775982180204
-0.12221703082576668
-0.19193001529865622
-0.5528996211529478
-0.1569348318965744
-0.1491841788523695
-0.08979634651574697
0.0
-0.4320970936325818
-0.38343523960197895
-0.5716117479572999
-0.7246582597429109
-0.11476875864918953
-0.28215085507918775
-0.178219478096018
-0.22953940162603928
-0.25208971594776836
-0.2590345066593695
-0.6014015097610131
-1.0423617680596118
-0.06041725556215803
-0.3406801873805215
-0.08964372491712608
-0.7412732744718841
-0.37416121636815847
-0.2229059501900119
-0.11010636342044511
-0.21699051636120356
-0.1766590586358181
-0.7092480041862989
-0.17946892183336466
-0.2043353783292783
-0.2504906642068755
-0.4043735161055499
-0.08458307093251963
-0.15558576219911532
-0.09753881773034924
-0.5222065904710925
-0.12094109198226212
-0.1297964150781971
-0.7240316051343325
-0.5718274845415668
-0.09821141871000401
-0.20973053021954702
-0.4981835536465692
-0.3721802871583827
-0.2895928765532342
-0.5919893910291552
-0.22958407072135317
-0.07940075841950688
-0.2898107873517829
-0.026464949311902443
-0.24653592274042652
-0.028457954612714387
-0.2488738012112011
-1.103954307556784
-0.3743954282176254
-0.4478458286610496
-0.12093204719930038
-0.4740067473459268
-0.2633514550697628
-0.30705763525486846
-0.16051395001421115
-0.15145595125332809
-0.972459392133543
-0.2761204803485331
-0.08313718638345176
-0.41610579287916366
-0.4042389634176971
-0.0552848101946572
-0.17320618053217424
-0.1024369404069518
-0.28194163849444015
-0.11718645773573635
-0.1454594056348565
-0.4265188815677725
-0.21346105612070254
-0.08688835973824934
-0.1349478450636352
-0.19451063399323446
-0.6049188593022663
-0.32073282280811266
-0.07249668494869009
-0.33927927088514587
-0.4336693017059945
-0.008230005160016526
-0.377066404314417
-0.3340723089179981
-0.14653056577158924
-0.14013558830671205
-0.4548024022832425
-0.10499326656978794
-0.5060295547389355
-0.0582908207979602
-0.5439105454027956
-0.18813881106898683
-0.45017256923200344
-0.3356472183121354
-0.44968793925169415
-0.02219224659803007
-0.06438350130859351
-0.25061839257584706
-0.2092761765215794
-0.08379564151537604
-0.40684419011841216
-0.21471164842069698
-0.18940975150307335
-0.3797703790801951
-0.053354058032055444
-0.46927577290028455
-0.16303894353190762
-0.23969921699574448
-0.03930569870763501
-0.607275486757683
-0.38622718473818063
-0.16698177313789148
-0.08270812018998762
-0.2013995395163136
-0.3083989907563242
-0.09031849156220652
-0.4092235462611385
-0.38266336879385476
-0.21305224146117624
-0.4861961412637106
-0.19159105363048023
-0.31679082826693694
-0.027640630231325396
-0.006961597838647336
-0.2533759246893502
-0.16410160335277887
-0.8932497104464704
-0.2440345843230377
-0.015449888125331487
-0.11191598722524089
-0.6888470784077664
-0.19093517713754932
-0.34567602403027925
-0.020077404588965387
-0.9418028939547503
-0.17555837401573737
-0.1084955052282283
-0.19527776326903437
-0.18200929311112712
-0.27831189317255334
-0.07392900061391065
-0.16470505243261574
-0.4574428118264943
-0.11389965263611375
-0.27155163221385115
-0.0565306577670821
-0.14865290796961383
-0.05637893772308774
-0.06613632907946713
-0.2042029874032741
-0.22302699150378938
-0.009169151025096507
-0.3167583613593412
-0.06648122214268838
-0.6874066235280331
-0.16341279033786982
-0.026251809087034957
-0.132392008775814
-0.3184214379883886
-0.7201491165487574
-0.15280899274887114
-0.9808384760619303
-0.09268539273295887
-0.0417971219205255
-0.0008208384015891512
-0.7597217501159833
-0.2469115211928283
-0.6353859441851653
-0.007903066532921471
-0.10667724118196362
-0.08629558222745723
-0.2917158394152793
-0.0895805307035197
-0.5863757203078931
-0.27263819179162346
-0.12403378108063012
-0.6451941064187182
-0.31523776007348897
-0.23400851460438485
-0.004508986348454092
-0.48788712141877033
-0.3742312984601677
-0.3950240621204497
-0.16225550966920044
-0.3887821350814632
-0.2753663201454984
-0.1309030724748374
-1.146875865237952
-0.23795807708732064
-0.12327745070276025
-0.3219929250464143
-0.11415335737721077
-0.3710128332008195
-0.20724837471785607
-0.0949233113375976
-0.20969123895367936
-0.3023125629010523
-0.024281779892234272
-0.0859852583362807
-0.2324495825418101
-0.4482812358626532
-0.4478943148887484
-0.10421593531465574
-0.1953629881978699
-0.2308136589671014
-0.1450014880641395
-0.28613044446110764
-0.19673084005130778
-0.23448097588979128
-0.33637496562971514
-0.7369340094073921
-0.09715936849483527
-0.16884902496765425
-0.15041033374817053
-0.2235581621070188
-0.013675762812895184
-0.6227725326186494
-0.7019496339297834
-0.3567532686334492
-0.24099197322167878
-0.8950652811457243
-0.18087948429932785
-0.04814596439972062
-0.480201605408774
-0.4700250792176105
-1.3780461100733883
-0.030181329231154262
-0.24508658916544415
-0.33953624761122697
-0.27737528510675186
-0.6360321475154188
-0.17237429448440364
-0.07226339453851824
-0.19665507526711248
-0.22004845957916755
-1.2479836437714988
-0.48832967197836713
-0.034400628466923176
-0.3286850882557326
-0.1881500515082571
-0.5057678405387563
-0.10103332834030962
-0.8627278688536192
-0.09672580215842178
-0.07313589540123669
-0.8668126295107837
-0.4083208715687601
-0.23927475975451795
-0.035798160404166876
-0.2416737872986795
-0.25154799751615936
-0.004486245732340768
-0.3843234790101939
-0.5732129892065195
-0.18526294235384652
-0.22328212869900918
-0.3293318496656866
-0.05219255284867034
-0.12224499429940022
-0.38259512647489197
-0.1559486485588564
-0.11286567386305915
-0.2620562144068486
-0.8554193319527688
-0.0018789112616537768
-0.5407780339664162
-0.23396237658212662
-0.12244204792497577
-0.04581678392670014
-0.047591439658783465
-0.040558628348139045
-0.2715115560710165
-0.9403713205987979
-0.2716764444089668
-0.28611715131312654
-0.28683635877247055
-0.6114583365448172
-0.2628654504749616
-0.3637235555901804
-0.02273261112332677
-0.11208095707316493
-0.07251474155029472
-0.041776295542741294
-0.2358676097654795
-0.19730484363296139
-0.16299635463213652
-0.33896618218324687
-0.09071977324898256
-0.14018706789364868
-0.22489326411660532
-0.39794031018303844
-0.1763712617000984
-0.10046216173062868
-0.5137518366074602
-0.6292590656225857
-0.40948574393990333
-0.3374536727929214
-0.5271611684501876
-0.5265304293294297
-0.73412400266887
-0.6141670914758567
-0.21008754766532556
-0.31263046030164576
-0.13565178432188782
-0.635139388021384
-0.44393275110781333
-0.023335225765365456
-0.04934597479113182
-0.581520467262158
-0.16782117985243078
-0.06061090926389533
-0.7509454698404481
-0.08430870281112833
-0.1681327778802219
-0.15604272166736163
-0.22037700755462888
-0.4134194536280102
-0.05371442420536992
-0.10774001898762674
-0.21824503734324843
-0.06432626040994963
-0.25458811881512533
-0.5261552729198711
-0.4051651393652182
-0.5866376982978255
-0.04700175278250018
-0.410676451822478
-0.17360128188091542
-0.0034265872484181724
-0.2362575298105183
-0.16276918108426663
-0.38040693336723014
-0.20826783564017792
-0.72229563369022
-0.04807276746788255
-0.62846674094318
-0.03475186627086791
-0.19742471107663953
-0.13878811080245798
-0.24251314574100571
-0.08403382935840199
-1.0829165408108483
-0.27294249109819574
-0.05161356810034424
-0.315599864778219
-0.1512570078067569
-0.5163740042643051
-0.21062088823472389
-0.059953368697159365
-0.7835246283150602
-0.23231311241569005
-0.15611652934255213
-0.028590529497969266
-0.35853030222588494
-0.19134149878039278
-0.1911156105371159
-0.4878965981117023
-0.19203614778815117
-0.06987216377278854
-0.5059570640255702
-0.3295753098645725
-0.19964425727659352
-0.3793502578689975
-0.06996898011994308
-0.09504837959512118
-0.28424774021268095
-0.547025398246711
-0.3613470025734596
-0.27918866630827466
-1.0293236157774228
-0.18303590553873023
-0.25931061664952854
-0.02091219493081107
-0.09639564916745356
-0.1370837527221895
-0.07772575264776693
-0.27365561246321857
-0.41591354889551724
-0.2460042586464059
-0.4641153398377841
-0.1418605160932951
-0.45255898427638613
-0.12099213951133725
-0.26341199264795695
-0.10546331273195468
-0.06217597600772401
-0.17426382542414515
-0.5674826658669719
-0.1325836236528904
-0.25095278471412147
-0.08403391591864903
-0.06446856965847204
-0.3901503986782422
-0.23589842818478665
-0.5286426675072726
-0.17174705609334934
-0.01743787106906486
-0.07061392896816217
-0.5963897537778824
-0.0024617392144469005
-0.05548845137640333
-0.16655446973943408
-0.04259486490566557
-0.2421099872397705
-0.027015814727553353
-0.3583380078886192
-0.2418335715201082
-0.07074338812523902
-0.1754608803482395
-0.039525741684869914
-0.19182627101457841
-0.15756685338758522
-0.16572812662767494
-0.2218334179942724
-0.5136434632405549
-0.0955459510594783
-0.15428514373992885
-0.15779015003537994
-0.09331378453423525
-0.31889175318415697
-0.19409511150687342
-0.649413468348857
-0.13509717330268853
-0.8331284959826577
-0.46395404756717656
-0.5088336362391601
-0.09519321749589038
-0.20149265537868097
-0.19242086465939895
-0.034149213999325266
-0.008848271241548281
-0.6921101092453402
-0.10906098296537096
-0.6709653770127999
-0.03410987576364069
-0.02702045543794839
-0.04163236366968189
-0.03230573822428247
-0.056902877680834026
-0.5069460594888471
-0.1470473244552223
-0.7371884010453533
-0.13603144861707658
-0.040573994838280086
-0.2006019859984772
-0.018094459754956434
-0.4515529519379712
-0.510741343494746
-0.15466005704426009
-0.5991066594672525
-0.46853375227932387
-0.647601516066961
-0.037371441717611746
-0.17926999047235828
-0.062340069766374955
-0.8286690664057442
-0.15714464273135506
-0.08817718504468737
-0.49326386100278113
-0.36040534151719555
-0.155026303855369
-0.002529971971244028
-0.5252726987313467
-0.08556548794527889
-0.20248106065631333
-0.16290913945506819
-0.027006353783372683
-0.20230151518009667
-0.5861250005492273
-0.22944690235592105
-0.20418589654702785
-0.010919456886571368
-0.15706301902120062
-0.23993218061308322
-0.09870173306247505
-0.32491773711659694
-0.09150752002835778
-0.0800680744943736
-0.5351510666990716
-0.34326703342306547
-0.023364964156162214
-0.06511432750009988
-0.11583352666570972
-0.358117183284608
-0.1207952608900764
-0.2605953237872406
-0.5925494521423075
-0.1212735229770556
-0.5804824536690762
-0.010289278267592676
-0.17891470713181878
-0.08600534200317944
-0.11563805837242269
-0.11738719290968509
-0.6211707828501384
-0.014149645082731121
-0.03799719321935255
-0.32550851031244477
-0.0043024240582109135
-0.48980324929437075
-0.5358281329895493
-0.45819592136297455
-0.1649324918172846
-0.12666164029598373
-0.7272293181111626
-0.11004399659105303
-0.24008099828361107
-0.2321428130933844
-0.45228923688155354
-0.22137492702606226
-0.31054489464394214
-0.11833942983458132
-0.23584880197957012
-0.5518726734012521
-0.1822572904501114
-0.09322742350886144
-0.1380379738832338
-0.2625496247049451
-0.15762328309656307
-0.23625850140246835
-0.12949880775250672
-0.22627279093828523
-0.0615377301643129
-0.37077949958485856
-0.7052392692777002
-0.22163330603077933
-0.19060641329473804
-0.22022345966239865
-0.17895690363199737
-0.47940984110263096
-0.4262098606090602
-0.21369012515783414
-0.36618480384579
-0.19342023579303982
-0.14763298636846542
-0.24853984051889447
-0.333754802371932
-3.844195657412401e-06
-0.05916732363331813
-0.6353719345928331
-0.2709096945631908
-0.3330680963007726
-0.5731661331134154
0.0
-0.06731650563126437
-0.1364032074351776
-0.24237443241274312
-0.27037849158340344
-0.19512134465216846
-0.06611162669874962
-0.04512095722914986
-0.13035847546971802
0.0
-0.2640948859531661
-0.14780554116643163
-0.04424070855892933
-0.4144898711921827
-0.008408632649136579
-0.01181180379043151
-0.6780210929269085
-0.2211299179404138
-0.6582618186063217
-0.43856578689305525
-0.15866071435971038
-0.24234996867782183
-0.09019026075164087
-0.16214626405583155
-1.6303324304535803e-10
-0.07270096604631011
-0.07951175064168657
-0.0034822042062556914
-0.0776517745364812
-0.18815687589795302
-0.1307645450666795
-0.06821705909741611
-0.1250603179510071
-0.11654819559858935
-0.16980804478316078
-0.16266779927702885
-0.18155259112396951
-0.2809025394290619
-0.0999475923066309
-0.18958957637443666
-0.23246966747540823
-0.09006931952719527
-0.13605182807669888
-0.16364536014141282
-0.1895631481459108
-0.09611004640328685
-0.8407423249891944
-0.19183348041860265
-0.12760824453932407
-0.2779218278462078
-0.010566310012666627
-0.5157690640545746
-0.18190564263182502
-0.0005098172433134923
-0.007698096613560388
-0.019205345642547885
-0.1577553343705267
-0.2791666429281154
-0.18168736489401033
-0.06848347118583126
-0.09225498902866723
-0.11040130689715863
-0.08994734663966251
-0.07749762995357377
-0.1481408890173318
-0.137317473072369
-0.08496063035938312
-0.22335833582043904
-0.171263601385703
-0.266305675623697
-0.2799863451252324
-0.4835943369097223
-0.3123268438021838
-0.3762913614281932
-0.21053395774724487
-0.3421827410121241
-0.10977318786676067
-0.08235672705991991
-0.0907099727605277
-0.16614587323461671
-0.3128904662523663
-0.16626352146904766
-0.20493846416905642
-0.016886630545550382
-0.18999472387960767
-0.525462090218279
-0.28111053745721043
-0.11478483055400715
-0.2546637554162319
-0.02745062602292416
-0.3968192611636971
-0.18279207868263297
-0.1701029776970405
-0.1811695882523927
-0.334638986995025
0.0
-0.23636003622317694
-0.3522168233089787
-0.12289899003575853
-0.28794222467518704
-0.09017135754095618
-0.05048062548178486
-0.014988337163696209
-0.546696196186111
-0.19254698735831738
-0.36784784169200546
-0.0723260376791362
-0.015057461222653551
-0.07224280775569775
-0.049782209154182966
-0.016151691487583934
-0.11460880876764624
-0.14257524629374238
-0.0467259078012219
-0.22990420013235424
-0.07166890666221883
-0.051489308631227707
-0.3839962337342522
-0.20665005758265334
-0.31477533682077835
-0.3890536412788244
-0.33011812904580734
-0.003890066534079234
-0.054063555880681284
-0.11809164386650395
-0.502150655305085
-0.2577259303125577
-0.6148629597390763
-0.004842496962404261
-0.08964012263668648
-0.1307076581736341
-0.7489119544852207
-0.03604961196826476
-0.06625003520084573
-0.06728624006790744
-0.09397057624912955
-0.3243484464249394
-0.2704185198142517
-0.09390016659709773
-0.22518635748565324
-5.594979259407116e-05
-0.022491923129439255
-0.9322087920760495
-0.035074867199781055
-0.09815809263713868
-0.1397347769960179
-0.31906356896311583
-0.6090494518394559
-0.05070156540783392
-0.006028837603805314
-0.13081886410712892
-0.2709689968778069
-0.7528416547865114
-0.26465735654578304
-0.649159418042166
-0.4165337254296946
-0.2086219436945029
-0.1759206829881365
-0.1261929811658776
-0.32896204472077434
-0.13665314844157112
-0.026507801257742335
-0.6023384285052471
-0.14214734411842206
-0.8386694926678678
-0.3511801828328781
-0.4312208826978182
-0.04453712838354353
-0.12863573402908343
-0.14291623497057765
-0.494416971760427
-0.19107020627141774
-0.2142585529221105
-0.39363336706177826
-0.5954563558208652
-0.26907490075126217
-0.6535644585237949
-0.02245795527981353
-0.2087485891404806
-0.41063771657562903
-0.06674644489156745
-0.06959807818835892
-0.35921830288228185
-0.3102342367024463
-0.18711596937816813
-0.28038467593628247
-0.062464739710496146
-0.4474074022320023
-1.1261279187706876
-0.14901459388964144
-0.17017516584539155
-0.027224035606360452
-0.027671682922412583
-0.15414082877853352
-0.5513887896243019
-0.12787682734237205
-0.15257300921588327
-0.006171016821699641
-0.7386779035387067
-0.04092321835855025
-0.3628156288100454
-0.1087287626899693
-0.10536779678498649
-0.23400992917009944
-0.1798475514884672
-0.26141141326654727
-0.5438965372875192
-0.1774542618255622
-0.04332696436918339
-4.617311869905373e-05
-0.43612439216242044
-0.18001722284101399
-0.25068238886022065
-0.39898258440878687
-0.10174654146886765
-0.030608041111591763
-0.12598673940665103
-0.08136018992994275
-0.10204501472024276
-0.10722281861342922
-0.18937031373266103
-0.42298688200944345
-0.1393604509910884
-0.2688685975027825
-0.043952096104886096
-0.402342991418317
-0.08805467668041703
-0.3305569992250759
-0.14307890651403948
-0.05681226448168061
-0.22169889871019785
-0.23319071230296193
-0.07472470557256902
-0.16997237731426978
-0.1852104817769358
-0.0217651778891668
-0.00045251631996457575
-0.5009612458116921
-0.2254818897921976
-0.08663705973603905
-0.05248559973270515
-0.08403526380288143
-0.7568512993526287
-0.43578943378786306
-0.1658559123705337
-0.057793513660520573
-0.029379584751892996
-0.4183295624590148
-0.010170432217842718
-0.06522900869402341
-0.16262827155510318
-0.028068722797980627
-0.09432634942129085
-0.2637045434030802
-0.12807779300744399
-0.19153423146451812
-0.41393615166402686
-0.54539050751175
-0.011179179685033064
-0.15892039459361018
-0.5067147914552306
-0.7354093314929153
-0.014028005259920828
-0.04234001609448823
-0.28905138709125433
-0.03439968931804279
-0.18463327968873525
-0.11462933376441745
-0.3011239024039138
-0.15451785768883183
-0.06557809732469702
-0.30300218246965605
-0.5917224606766434
-0.09772937003432812
-0.23122978715459758
-0.21782445921977825
-0.3137652460534457
-0.04629112817105509
-0.022884786670207113
0.0
-0.11552949484830707
-0.055901307734690264
-0.0981032906713764
-0.005073300031254081
-0.24576573290738554
-0.39688896076915336
-0.04878385168288075
-0.04290969858844443
-0.30176262331731474
-0.014319988184340994
-0.00022803655739932812
-0.09709477420216456
-0.227854548929818
-0.03996256823771356
-0.3510247344939015
-0.17109659458354015
-0.21788559165500546
-0.0068910978966218814
-0.10791500265153879
-0.5141127388938045
0.0
-0.09654641316455154
-0.5032316409209177
-0.0006318209645712303
-0.12146476121857021
-0.17639429183341696
-0.15013455480140742
-0.16362560574711943
-0.27747101871285745
-0.0091232849416606
-0.05237320155466269
-0.06442729017590779
-0.5475615826945006
-0.42679777725015555
-0.09683575650688084
-0.2791706351408976
-0.1571785106789638
0.0
-0.25309745700994857
-0.0007325840884858276
-0.1509623849036039
-0.5042134841606736
-0.036468608313061625
-0.4756541081913471
-0.27524804183640095
-0.16237476631312972
-0.054236296498955915
-1.037129398285905
-0.1690284975085073
-0.23901082566740642
-0.0259326486767402
-0.09588296599899818
-0.11928609434518794
-0.3298253757206983
-0.3109364997371934
-0.2720044044009867
-0.15493377218479848
-0.0004617912598355115
-0.11919250872411657
-0.06783520302837273
-0.10502017684682957
-0.2924645382252163
-0.0056507745403029256
-0.302143083581911
-0.246679420226121
-0.32484111571799856
-0.3745248616517737
-0.13348428143456523
-0.4243672663359171
-0.2362025868896637
-0.18527160976299464
-0.06391680793410368
-0.12164856565508089
-0.04732266913544721
-0.267233951696241
-0.14425409403091774
-0.6571713082139597
-0.5327908638791524
-0.011575404607479564
-0.18623403712664335
-0.4613312017647787
-0.5354518421765084
-0.06872483599969507
-0.2211392658632107
-0.18767014749317362
0.0
-0.4294633415381374
-0.14641027159397302
-0.161219121604125
-0.07131069765891282
-0.1884769727144559
-0.41706360868539377
-0.4983853575605075
-0.3165614337950375
-0.13917688712638374
-0.09074640509515465
-0.1051431944394253
-0.4011331518709187
-0.10127092194444301
-0.037293125159195015
-0.1206097955482166
-0.04301337636990745
-0.588047911028985
-0.7125286566644652
-0.25318479837965047
-0.10601583437224751
-0.018317195063515666
-0.16301771390747463
-0.1258292188610892
-0.3635033977701035
-0.06729333512012059
-0.009354080438064608
-0.11863985498404259
-0.3590791746462757
0.0
-0.27415900292925327
-0.05527484445082426
-0.38404791097349006
-0.007385143417528913
-0.4363225497780657
-0.15690724223198577
-0.15383750093798154
-0.1705182403641437
-0.01507464077108658
-0.06091942978444727
-0.027682734992405398
-0.2542347498932573
-0.08270670521154724
-0.30255457211386083
-0.02450071532343474
-0.039756477530403934
-0.003196104506779668
-0.005125877662809672
-0.03404147595637844
-0.10517478527824353
-0.14276989466762424
-0.4106674696810487
-0.012505585763260328
-0.27855132147095735
-0.051014732121663346
-0.25586578213082795
-0.4447008965305384
-0.059131565939623584
-0.03152627640064645
-0.04760497859493651
-0.04166285747652561
-0.13645171459951766
-0.43628465341506373
-0.05068143214652311
-0.03223048880926213
-0.2546725102765767
-0.05461787051249707
-0.057989393245116184
-0.016764234621814932
-0.04521207228695309
-0.07258606965269786
-0.20856914570653382
-0.2929335668057115
-0.2403608702098652
0.0
-0.03069428423045277
-0.5422252004792149
-0.002096820276160558
-0.02733745724800743
-0.07527228005641885
-0.19008314602630327
-0.07447119892697694
-0.04877264085222171
-0.028705006227978648
-0.22283349079190914
-0.07618750656600433
-0.06270531765888539
-0.23502232454512775
-0.12051431858875282
-0.08511998137867827
-0.07169373529493749
-0.040068944544076716
-0.33761158437665023
-0.0873015702672624
-0.09800033148553271
-0.04240892217655428
-0.15028588668246387
-0.10968945075046395
-0.20303054173095458
-0.26099406595717667
-0.13806419251242494
-0.13827682151654733
-0.16453120424210618
-0.4917564739252901
-0.09605199431594205
-0.03892378572859872
-0.157183609401926
-0.07754758444740706
-0.08849599698876104
-0.11411725375718137
-0.023075660204587477
-0.19596256793649047
-0.4513609561296465
-0.20974125555534034
-0.8665539639049972
-0.08375844552895194
-0.19714359344748547
-0.09297780302577671
-0.03619412556568131
-0.18794458506575695
0.0
-0.11678502925201681
-0.18684708941249556
-0.1887943772216969
-0.02175218259672554
-0.003671989273834145
-0.5741542205765764
-0.0677401369325502
-0.004611204974450776
-0.12700163605670683
-0.005480683782518078
-0.1618325409052594
-0.37443005622115055
-0.16231373282555994
-0.4327898823693471
-0.33432413566236185
-0.20032196635608313
-0.017352267521401513
-0.16993924199615607
-0.09360648753579948
-0.5286880715870337
-0.0535215417420687
0.0
0.0
-0.10147361151599577
-0.0351211424253432
-0.02511404193852998
-0.0475809631761517
-0.10458343651080691
-0.04655552632558561
-0.4226286889069613
-0.027473588933004087
-0.023775654074453506
-0.00567939102613819
-0.04528339984877
-0.4620101858676507
-0.5226559993606582
-0.04498364925523687
-0.06797093857411367
-0.14163578814343825
-0.008299096693884813
-0.41584443841002744
-0.02984533714259463
-0.49261804334915527
-0.486344072933831
-0.42959895918405566
-0.09356382420046654
0.0
-0.0762979163326363
-0.20856633572182592
-0.15193062832073692
-0.17427052766963996
-0.2262852064679039
-0.0980391834407247
-0.0025993282338324162
-0.12062665790573399
-0.27003455133909127
-0.0038703088497820184
-0.027396394753830395
0.0
-0.41730411381352384
-0.0022327892032528033
-0.19895641685462587
-0.02467441123416311
-0.2651153987423914
-0.18682461493465857
-0.3792736648371181
-0.06680972034087976
-0.32799013867248683
-0.002472897055409231
-0.030667080222421417
-0.055393724837215164
-0.08167775151380675
-0.3078984624704517
-0.36535535262704993
-0.3164873863876835
-0.16834382414276272
-0.07608879633880909
-0.0995753534934861
-0.160493740722687
-0.33806069833526003
-0.08513514223716215
-0.01612872452481367
-0.02404846892625785
-0.01992294710501665
-0.5841580099013648
-0.3766923845949709
-0.12393135126623528
-0.057541897695056875
0.0
-0.06450004700237524
-0.13201513177965307
-0.01714197463666777
-0.05602088558933174
0.0
-0.006967966188003725
-0.0588868081293269
-0.1571382580036964
-0.15046779329022444
-0.34671510193770233
-0.09185534410687551
-0.2986717309217082
-0.0024928253095336823